160, 60
00000000000000000000000000000000000000000000000000
00001111111111111111111111111111111111111111110000
00011111111111111111111111111111111111111111111000
00011111111111111111111111111111111111111111111000
00011111111111111111111111111111111111111111111000
00011111111111111111111111111111111111111111111000
00111111000000000000000000000000000000000011111100
00111110000000000000000000000000000000000001111100
00111110000000000000000000000000000000000001111100
00111110000000000000000000000000000000000001111100
00111110000000000000000000000000000000000001111100
00111110000000000000000000000000000000000001111100
00111110000000000000000000000000000000000001111100
00111110000000000000000000000000000000000001111100
00111110000000000000000000000000000000000001111100
00111110000000000000000000000000000000000001111100
00111110000000000000000000000000000000000001111100
00111110000000000000000000000000000000000001111100
00111110000000000000000000000000000000000001111100
00111110000000000000000000000000000000000001111100
00111110000000000000000000000000000000000001111100
00111110000000000000000000000000000000000001111100
00111110000000000000000000000000000000000001111100
00111110000000000000000000000000000000000001111100
00111110000000000000000000000000000000000001111100
00111110000000000000000000000000000000000001111100
00111110000000000000000000000000000000000001111100
00111110000000000000000000000000000000000001111100
00111110000000000000000000000000000000000001111100
00111110000000000000000000000000000000000001111100
00111110000000000000000000000000000000000001111100
00111110000000000000000000000000000000000001111100
00111110000000000000000000000000000000000001111100
00111110000000000000000000000000000000000001111100
00111110000000000000000000000000000000000001111100
00111110000000000000000000000000000000000001111100
00111110000000000000000000000000000000000001111100
00111110000000000000000000000000000000000001111100
00111110000000000000000000000000000000000001111100
00111110000000000000000000000000000000000001111100
00111110000000000000000000000000000000000001111100
00111110000000000000000000000000000000000001111100
00111110000000000000000000000000000000000001111100
00111111000000000000000000000000000000000011111100
00011111111111111111111111111111111111111111111000
00011111111111111111111111111111111111111111111000
00011111111111111111111111111111111111111111111000
00011111111111111111111111111111111111111111111000
00001111111111111111111111111111111111111111110000
00000000000000000000000000000000000000000000000000